0,492
0,490
0,489
0,481
3,5
3,4
3,3
3,2
3,1
3,0
2,2
1,2
0,315
0,314
0,306
0,243
1,1
2,27
1,4
1,3
1,0
2,1
2,29
2,3
2,0
0,330
0,310
0,305
423,1
423,3
423,0
422,1
422,3
422,0
421,1
421,3
421,0
420,1
420,3
420,0
419,1
419,3
419,0
418,1
418,3
418,0
417,1
417,3
417,0
416,1
416,3
416,0
415,1
415,3
415,0
414,1
414,3
414,0
412,1
412,3
412,0
413,1
413,3
0,488
413,0
408,1
408,3
408,0
407,1
407,3
407,0
406,1
406,3
406,0
405,1
405,3
405,0
404,1
404,3
404,0
403,1
403,3
403,0
402,1
402,3
402,0
401,1
401,3
401,0
400,1
400,3
400,0
399,1
399,3
399,0
398,1
398,3
0,487
0,396
398,0
0,332
0,9
0,371
0,362
0,503
0,474
0,455
0,450
0,446
0,432
0,460
0,453
0,484
0,468
0,469
0,459
0,308
0,304
0,303
0,302
0,307
0,444
0,12
0,373
0,10
0,452
0,8
0,0
0,326
0,300
0,299
0,325
0,298
0,333
0,297
0,423
0,296
0,465
0,295
0,329
0,294
0,495
0,293
0,301
0,292
0,334
0,291
0,352
0,290
0,317
0,289
0,483
0,288
0,414
0,287
0,328
0,286
0,482
0,285
0,363
0,284
0,398
0,283
0,349
0,282
0,316
0,281
0,421
0,280
0,347
0,279
0,464
0,278
0,370
0,277
0,359
0,276
3,6
4,0
4,2
4,3
2,106
2,12
0,374
24,1
1,6
2,33
24,4
24,5
0,443
0,445
76,1
2,83
28,0
28,3
28,4
0,376
61,3
1,5
2,98
61,4
61,6
61,7
0,411
78,0
78,3
2,87
78,6
78,7
78,11
41,0
41,1
2,8
42,0
42,1
41,4
42,4
42,5
0,451
156,3
156,1
155,0
155,3
2,68
157,3
157,1
156,6
157,6
84,0
84,1
2,15
84,32
84,12
84,17
84,34
84,20
84,39
84,22
84,37
84,38
84,18
78,8
84,28
84,11
84,10
78,9
139,0
139,3
139,4
139,5
29,3
29,1
40,3
2,6
40,4
76,6
34,0
34,1
2,76
34,5
62,3
62,1
62,5
36,0
36,1
479,0
0,403
479,1
2,25
479,4
479,6
479,7
479,45
479,53
59,0
59,3
2,24
83,0
83,3
75,0
75,3
2,124
85,0
85,3
2,17
2,16
83,8
83,9
85,5
0,458
0,457
234,1
235,0
235,1
2,77
234,4
148,3
148,1
149,0
149,3
148,5
148,11
278,0
278,3
278,1
278,4
131,0
131,3
2,112
133,0
133,1
134,0
134,1
133,6
131,5
0,502
0,406
345,1
345,4
345,6
63,0
63,3
2,18
64,0
64,3
64,4
64,5
87,3
87,1
88,3
89,0
89,3
89,4
63,5
479,57
0,322
192,0
192,3
192,1
479,55
62,6
62,8
62,9
62,11
62,14
62,15
62,17
62,18
479,50
139,2
63,2
62,16
62,13
62,10
62,7
148,4
192,4
0,454
62,12
479,54
479,42
89,1
88,1
88,0
87,0
64,1
63,4
63,1
62,4
2,97
345,3
345,0
133,4
134,3
133,3
131,1
278,6
2,75
0,472
148,8
149,1
2,35
148,0
2,78
235,3
234,3
234,0
85,4
83,5
85,1
2,19
75,1
83,1
2,23
59,1
479,15
479,41
479,5
479,58
479,3
36,4
36,3
2,9
62,0
2,7
34,3
40,5
40,1
40,0
29,0
139,1
0,449
84,9
84,30
78,4
84,16
84,23
84,5
84,13
84,33
84,4
84,3
76,5
156,4
157,0
155,1
2,67
0,448
156,0
41,5
42,3
2,34
41,3
78,10
78,5
78,1
61,2
61,8
61,5
2,13
61,1
61,0
28,1
76,4
76,3
76,0
24,9
2,71
24,3
24,0
1,7
4,1
0,327
0,275
0,420
0,274
0,364
0,273
0,415
0,272
0,430
0,271
0,357
0,270
0,511
0,269
0,463
0,268
0,509
0,267
0,462
0,266
0,265
0,500
0,264
0,419
0,263
0,345
0,262
0,361
0,261
0,401
0,260
0,498
0,259
0,344
0,258
0,394
0,257
0,256
0,343
0,255
0,408
0,254
0,504
0,253
0,416
0,252
0,461
0,251
0,250
0,356
0,249
0,393
0,248
0,385
0,247
0,246
0,441
0,245
0,437
0,244
0,337
0,242
0,485
0,241
0,351
0,240
0,405
0,239
0,312
0,238
0,407
0,237
0,440
0,236
0,439
0,235
0,428
0,234
0,323
0,233
0,426
0,232
0,384
0,231
0,348
0,230
0,435
0,229
0,335
0,228
0,392
0,227
0,438
0,226
0,436
0,225
0,360
0,224
0,388
0,223
0,425
0,222
0,413
0,221
0,478
0,220
0,340
0,219
0,497
0,218
0,386
0,217
0,390
0,216
0,324
0,215
0,383
0,214
0,387
0,213
0,493
0,212
0,404
0,211
0,476
0,210
0,209
0,208
0,467
0,207
0,424
0,206
0,429
0,205
0,367
0,204
0,399
0,203
0,382
0,202
0,321
0,201
0,389
0,200
0,501
0,199
0,381
0,198
0,412
0,197
0,319
0,196
0,434
0,195
0,341
0,194
0,379
0,193
0,353
0,192
0,410
0,63
0,375
0,62
0,380
0,61
0,318
0,60
0,479
0,59
0,366
0,58
0,491
0,57
0,477
0,56
0,313
0,55
0,377
0,54
0,417
0,53
0,433
0,52
0,311
0,51
0,402
0,50
0,400
0,49
0,475
0,48
0,309
0,47
0,466
0,46
0,473
0,45
0,372
0,6
0,5
0,1
0,431
0,11
0,4
0,2
0,3
0,7
